Bin0: 4.45969e-07 0.000173673 
Bin1: 6.05525e-06 0.000141232 
Bin2: 2.77057e-05 0.000594724 
Bin3: 0.000207124 -2.23572e-05 
Bin4: 0.0112277 0.00158193 
