Bin0: 0.000303321 -0.00125049 
Bin1: 0.00143842 -0.0124318 
Bin2: 0.0182375 -0.05237 
Bin3: 0.0802537 -0.0991253 
Bin4: 18.3891 -0.758431 
