Bin0: 3.99421e-05 -0.00162542 
Bin1: 0.000464292 -0.00775372 
Bin2: 0.00238415 -0.0160342 
Bin3: 0.00817856 -0.0410285 
Bin4: 2.16961 -0.447794 
