Bin0: 8.11161e-05 -0.000975077 
Bin1: 0.00328108 -0.00922016 
Bin2: 0.0113732 -0.0205846 
Bin3: 0.116831 -0.0782626 
Bin4: 18.2237 -0.325069 
