Bin0: 0.000159957 -0.00368879 
Bin1: 0.00164188 -0.0128815 
Bin2: 0.0180985 -0.0295642 
Bin3: 0.0468379 -0.0563453 
Bin4: 19.1316 -0.809334 
