Bin0: 1.15774e-05 -0.000275981 
Bin1: 1.28927e-05 -0.000684945 
Bin2: 0.000227351 -0.000217537 
Bin3: 0.00083007 -0.00162175 
Bin4: 0.151745 -0.0114181 
