Bin0: 5.09229e-05 -0.000360054 
Bin1: 0.000360278 -0.00458165 
Bin2: 0.00223716 -0.0219692 
Bin3: 0.0121974 -0.0597489 
Bin4: 2.09455 -0.400295 
