Bin0: 6.04591e-07 0.00014814 
Bin1: 6.14924e-06 0.000289052 
Bin2: 4.39767e-05 0.00105375 
Bin3: 9.23096e-05 0.000312847 
Bin4: 0.0116102 0.00278652 
