Bin0: 8.90112e-06 2.65826e-05 
Bin1: 5.98828e-05 -0.000145227 
Bin2: 0.000474529 0.00201294 
Bin3: 0.00101694 -0.000489736 
Bin4: 0.116479 0.00233753 
