Bin0: 0.00123919 -0.00405264 
Bin1: 0.000910638 -0.00806289 
Bin2: 0.00969182 -0.0100069 
Bin3: 0.0624131 -0.0337721 
Bin4: 18.9446 -0.43485 
