Bin0: 7.45298e-05 0.000303116 
Bin1: 5.01687e-05 0.000669456 
Bin2: 0.00137724 -0.00112516 
Bin3: 0.00256432 0.000406486 
Bin4: 0.369422 0.00450251 
