Bin0: 2.42031e-05 0.000795664 
Bin1: 0.000217878 9.35576e-05 
Bin2: 0.000407663 0.000845265 
Bin3: 0.00468923 0.0038288 
Bin4: 0.345709 0.00358129 
