Bin0: 6.48831e-06 8.61036e-05 
Bin1: 6.01147e-05 4.87373e-05 
Bin2: 0.000287546 9.55677e-05 
Bin3: 0.0021321 -7.49404e-05 
Bin4: 0.113001 -0.0025979 
