Bin0: 3.36171e-06 -0.00029486 
Bin1: 3.48317e-05 -0.000513857 
Bin2: 0.000116151 -0.00178678 
Bin3: 0.00240422 -0.00596439 
Bin4: 0.17745 -0.0164363 
