Bin0: 0.000310049 -0.00036636 
Bin1: 0.00240299 -0.00204088 
Bin2: 0.0127254 -0.0196682 
Bin3: 0.0725967 -0.00632024 
Bin4: 7.00044 -0.185956 
