Bin0: 2.54154e-07 6.73394e-05 
Bin1: 3.68627e-06 -0.000105961 
Bin2: 2.21441e-05 9.61822e-05 
Bin3: 4.81966e-05 0.000615226 
Bin4: 0.00684057 0.00243825 
