Bin0: 1.41418e-06 -0.000105686 
Bin1: 6.1021e-06 -0.00049484 
Bin2: 4.05517e-05 -0.00138613 
Bin3: 0.000260867 -0.00187876 
Bin4: 0.0226025 -0.0133263 
