Bin0: 2.08268e-06 4.37855e-05 
Bin1: 1.1929e-05 0.000151029 
Bin2: 9.02388e-05 0.00154165 
Bin3: 0.000671449 0.00162833 
Bin4: 0.0429646 0.00795027 
