Bin0: 0.00799497 -0.00178645 
Bin1: 0.00169459 -0.00742956 
Bin2: 0.0224231 -0.0039376 
Bin3: 0.0781862 -0.013653 
Bin4: 16.5145 -0.162233 
