Bin0: 0.00111169 -0.0016462 
Bin1: 0.000241422 -0.00433986 
Bin2: 0.00264479 -0.00864682 
Bin3: 0.0115985 -0.0203115 
Bin4: 3.3451 -0.245373 
