Bin0: 0.00033249 -2.68288e-05 
Bin1: 0.0108097 -0.00503487 
Bin2: 0.013918 -0.00231745 
Bin3: 0.0890839 -0.00152482 
Bin4: 12.6181 -0.137272 
