Bin0: 2.42877e-06 0.000297324 
Bin1: 2.45664e-05 0.000581298 
Bin2: 0.000175891 0.00210558 
Bin3: 0.000369251 0.000627762 
Bin4: 0.0464406 0.00557303 
