Bin0: 3.70539e-07 3.62441e-05 
Bin1: 2.11139e-06 0.000175001 
Bin2: 1.36367e-05 0.000588603 
Bin3: 9.22505e-05 0.000519847 
Bin4: 0.00748778 0.00603632 
