Bin0: 6.11869e-07 -0.000194063 
Bin1: 8.85843e-06 -0.00094876 
Bin2: 6.55723e-05 -0.000174428 
Bin3: 0.000127232 -0.0015642 
Bin4: 0.0201111 -0.00528591 
