Bin0: 1.78963e-06 0.000350326 
Bin1: 2.42205e-05 0.000283609 
Bin2: 0.000110795 0.00118616 
Bin3: 0.000828504 -4.44211e-05 
Bin4: 0.0449106 0.00316385 
