Bin0: 2.83835e-05 -0.000420108 
Bin1: 0.00125971 -0.00330622 
Bin2: 0.00183596 -0.00921096 
Bin3: 0.0190825 -0.0447713 
Bin4: 2.72313 -0.186629 
