Bin0: 0.000319396 -0.000661018 
Bin1: 0.0029247 -0.0089402 
Bin2: 0.0169096 -0.00397853 
Bin3: 0.0390045 -0.0308862 
Bin4: 7.18056 -0.231369 
