Bin0: 1.68838e-06 0.000110901 
Bin1: 2.02556e-05 0.00116012 
Bin2: 0.000109972 -0.000240641 
Bin3: 0.000242102 0.00149096 
Bin4: 0.041497 -0.00197563 
