Bin0: 5.06651e-06 -0.000645906 
Bin1: 7.11875e-05 -0.00131747 
Bin2: 0.000579561 -0.00276392 
Bin3: 0.00177102 -0.00152574 
Bin4: 0.240594 -0.0165557 
