Bin0: 1.01245e-05 0.000614568 
Bin1: 0.000273742 0.00132393 
Bin2: 0.00115735 0.000149188 
Bin3: 0.00342231 0.0041797 
Bin4: 0.379312 0.00201241 
