Bin0: 7.75244e-07 -0.000224467 
Bin1: 1.10104e-05 -0.000451009 
Bin2: 4.08131e-05 -0.00087671 
Bin3: 0.000351861 -0.00281618 
Bin4: 0.0236828 -0.00166259 
