Bin0: 0.000714956 0.000303761 
Bin1: 0.00240046 0.00122437 
Bin2: 0.0149956 -0.0187885 
Bin3: 0.0672401 -0.0215448 
Bin4: 6.59686 -0.193419 
