Bin0: 3.78987e-06 0.000302668 
Bin1: 2.40557e-05 0.000512403 
Bin2: 0.000142298 0.000348718 
Bin3: 0.000751887 0.00200586 
Bin4: 0.0439431 0.00422511 
