Bin0: 0.000500005 -0.000119737 
Bin1: 0.00384972 0.000965352 
Bin2: 0.0812777 -0.0169115 
Bin3: 0.062992 -0.027841 
Bin4: 14.6944 -0.142561 
