Bin0: 1.42839e-06 -0.000275723 
Bin1: 8.73797e-06 -0.000490615 
Bin2: 6.5738e-05 -0.00194502 
Bin3: 0.000147326 -0.00124154 
Bin4: 0.0222462 -0.00366064 
