Bin0: 6.46582e-07 0.000118417 
Bin1: 3.16997e-06 0.000163255 
Bin2: 2.08052e-05 0.000706465 
Bin3: 5.51506e-05 0.000372396 
Bin4: 0.00748093 0.00101689 
