Bin0: 0.0011269 -0.0029857 
Bin1: 0.00649955 -0.014656 
Bin2: 0.0132049 -0.045646 
Bin3: 0.088862 -0.117124 
Bin4: 18.1028 -0.690351 
