Bin0: 0.000283447 -0.00108438 
Bin1: 0.000768634 -0.00449098 
Bin2: 0.00212979 -0.0237208 
Bin3: 0.0123877 -0.0639322 
Bin4: 1.86252 -0.336557 
