Bin0: 0.00017322 -0.00123108 
Bin1: 0.00126433 -0.00440026 
Bin2: 0.00243352 -0.02505 
Bin3: 0.0101628 -0.0594358 
Bin4: 1.96458 -0.391418 
