Bin0: 1.05478e-05 0.000388609 
Bin1: 7.81106e-05 0.000272283 
Bin2: 0.00045437 -0.000102149 
Bin3: 0.00139816 0.00194185 
Bin4: 0.120888 0.000169911 
