Bin0: 0.000736761 -0.000855624 
Bin1: 0.00471652 -0.00365118 
Bin2: 0.0230619 -0.0198537 
Bin3: 0.104655 -0.0758793 
Bin4: 23.0941 -0.29693 
