Bin0: 9.46929e-07 0.000151218 
Bin1: 6.02008e-06 0.000254608 
Bin2: 3.55756e-05 0.00017433 
Bin3: 0.000187972 0.00100297 
Bin4: 0.0109858 0.00211255 
