Bin0: 5.93458e-06 -0.000404478 
Bin1: 6.27298e-05 -0.000539866 
Bin2: 0.000437176 -0.000136846 
Bin3: 0.00220606 -0.0054707 
Bin4: 0.159954 -0.0076895 
