Bin0: 0.00040254 0.00089916 
Bin1: 0.00563713 0.0061437 
Bin2: 0.043623 -0.0101728 
Bin3: 0.111364 -0.0239835 
Bin4: 14.3482 -0.152032 
