Bin0: 0.000193395 -0.000975246 
Bin1: 0.00084226 -0.00232823 
Bin2: 0.0065181 -0.0147792 
Bin3: 0.0153802 -0.0409969 
Bin4: 3.10337 -0.178895 
