Bin0: 2.03378e-06 0.000209898 
Bin1: 1.90515e-05 0.000339731 
Bin2: 9.80653e-05 -9.59124e-05 
Bin3: 0.000613278 0.00222152 
Bin4: 0.0440058 -0.00373012 
