Bin0: 4.03389e-07 8.55315e-05 
Bin1: 4.02182e-06 8.97871e-05 
Bin2: 1.52086e-05 0.000131338 
Bin3: 0.000117932 0.0010876 
Bin4: 0.00768371 0.000316505 
