Bin0: 0.000259458 -0.0014348 
Bin1: 0.00362239 -0.00549098 
Bin2: 0.0255962 -0.0266896 
Bin3: 0.163189 -0.0436406 
Bin4: 23.3439 -0.355798 
