Bin0: 0.00129883 -0.000289761 
Bin1: 0.00570864 -0.00881765 
Bin2: 0.0121397 -0.0376375 
Bin3: 0.074292 -0.131016 
Bin4: 16.7202 -0.589344 
