Bin0: 6.04177e-05 -0.000603618 
Bin1: 0.000750204 -0.00137983 
Bin2: 0.00502345 -0.0156726 
Bin3: 0.0143035 -0.0260746 
Bin4: 3.00729 -0.215236 
