Bin0: 1.0953e-06 0.000191085 
Bin1: 6.18256e-06 0.000185404 
Bin2: 3.589e-05 0.00117811 
Bin3: 0.000121948 0.000945965 
Bin4: 0.011741 0.00233626 
