Bin0: 2.3869e-05 0.000542685 
Bin1: 0.000326394 0.000426434 
Bin2: 0.000836192 -0.0021748 
Bin3: 0.00349777 0.00406603 
Bin4: 0.361108 0.0023825 
