Bin0: 1.19195e-05 6.45919e-05 
Bin1: 8.13671e-05 0.000206967 
Bin2: 0.000378533 -0.000683978 
Bin3: 0.00211219 0.00153495 
Bin4: 0.110235 -0.00160759 
