Bin0: 0.000389251 0.00012431 
Bin1: 0.00352127 0.00593825 
Bin2: 0.0139833 -0.00811349 
Bin3: 0.0519366 -0.0312697 
Bin4: 7.08198 -0.235915 
