Bin0: 4.38192e-06 0.000382341 
Bin1: 2.47259e-05 0.000372872 
Bin2: 0.000143565 0.00235381 
Bin3: 0.000487797 0.00189209 
Bin4: 0.0469641 0.00467252 
