Bin0: 2.62675e-06 0.000329367 
Bin1: 2.14439e-05 0.000214222 
Bin2: 0.000139666 0.00113516 
Bin3: 0.000330093 0.00098626 
Bin4: 0.0449028 -0.00139828 
